KmerFreq(1,4,4,425038,425038,425038,425038,425038,A)
KmerFreq(2,16,16,139902,122413,122413,139902,139902,AA)
KmerFreq(3,64,64,50759,32428,32428,50759,50759,AAA)
KmerFreq(4,256,256,19373,9049,9049,14287,14287,AAAA)
KmerFreq(5,1024,1024,7551,2537,2537,4169,4169,AAAAA)
KmerFreq(6,4096,4096,2591,709,709,1256,1256,AAAAAA)
KmerFreq(7,16384,16382,1019,203,203,434,434,GGCATGG)
KmerFreq(8,65536,64263,673,56,57,157,158,CGGCATGG)
KmerFreq(9,262144,202421,388,15,18,57,64,CGGCATGGT)
KmerFreq(10,1048576,407552,340,4,8,20,34,GCGGCATGGT)
KmerFreq(11,1582358,583005,334,2,5,13,23,TGCGGCATGGT)
KmerFreq(12,1582357,700858,257,2,4,12,18,GGCTGCGGCATG)
KmerFreq(13,1582356,777913,249,2,4,11,16,GCTGCGGCATGGT)
KmerFreq(14,1582355,833804,249,2,3,10,14,GGCTGCGGCATGGT)
KmerFreq(15,1582354,878788,154,2,3,10,13,CCGATGTTCCATCAG)
