KmerFreq(1,4,4,418660,418660,418660,418660,418660,A)
KmerFreq(2,16,16,136438,115305,115305,136438,136438,AA)
KmerFreq(3,64,64,47800,31835,31835,47800,47800,AAA)
KmerFreq(4,256,256,17013,8374,8374,12488,12488,AAAA)
KmerFreq(5,1024,1024,5806,2260,2260,3910,3910,AAAAA)
KmerFreq(6,4096,4096,2024,593,593,1029,1029,GAAAAA)
KmerFreq(7,16384,16382,758,158,158,297,297,AAAAGAA)
KmerFreq(8,65536,65179,293,42,42,83,83,AAAGAAAA)
KmerFreq(9,262144,242586,115,12,12,24,25,TAAATGAAA)
KmerFreq(10,1048576,652455,65,3,4,8,9,AATAAATGAA)
KmerFreq(11,1453430,1085734,40,2,2,4,4,TAAATGAAAAA)
KmerFreq(12,1453429,1321563,26,1,1,2,3,AATAAATGAAAA)
KmerFreq(13,1453428,1410236,17,1,1,2,2,AAATAAATGAAAA)
KmerFreq(14,1453427,1438551,9,1,1,1,2,AAATAAATGAAAAA)
KmerFreq(15,1453426,1447329,5,1,1,1,1,AAATAAATGAAAAAA)
