KmerFreq(1,4,4,1702448,1702448,1702448,1702448,1702448,A)
KmerFreq(2,16,16,550750,473254,473254,550750,550750,AA)
KmerFreq(3,64,64,192619,129005,129005,192619,192619,AAA)
KmerFreq(4,256,256,67873,34273,34273,49708,49708,AAAA)
KmerFreq(5,1024,1024,23217,9157,9157,15915,15915,AAAAA)
KmerFreq(6,4096,4096,8171,2401,2401,4074,4074,GAAAAA)
KmerFreq(7,16384,16384,2923,645,645,1174,1174,AAAAGAA)
KmerFreq(8,65536,65523,1194,169,169,332,332,AAAGAAAA)
KmerFreq(9,262144,260007,536,45,45,92,93,AAAAGAAAA)
KmerFreq(10,1048576,958521,268,12,13,27,27,TAAATGAAAA)
KmerFreq(11,4194304,2565782,144,4,4,8,10,AAATAAATGAA)
KmerFreq(12,5946160,4319809,73,2,2,4,4,AATAAATGAAAA)
KmerFreq(13,5946159,5318748,39,1,2,3,3,AAATAAATGAAAA)
KmerFreq(14,5946158,5708205,21,1,1,2,2,AATAAATGAAAAAA)
KmerFreq(15,5946157,5837696,11,1,1,2,2,AATAAATGAAAAAAA)
