KmerFreq(1,4,4,3417112,3417112,3417112,3417112,3417112,A)
KmerFreq(2,16,16,1106079,947736,947736,1106079,1106079,AA)
KmerFreq(3,64,64,385598,257783,257783,385598,385598,AAA)
KmerFreq(4,256,256,134581,69076,69076,100222,100222,AAAA)
KmerFreq(5,1024,1024,45491,18362,18362,31524,31524,AAAAA)
KmerFreq(6,4096,4096,16437,4856,4856,8140,8140,GAAAAA)
KmerFreq(7,16384,16384,5806,1293,1293,2362,2362,AAAGAAA)
KmerFreq(8,65536,65535,2293,337,337,659,659,AAAGAAAA)
KmerFreq(9,262144,261466,963,89,89,184,184,TAAATGAAA)
KmerFreq(10,1048576,1013413,511,24,24,52,52,TAAATGAAAA)
KmerFreq(11,4194304,3273550,270,7,7,15,16,TAAATGAAAAA)
KmerFreq(12,11937895,6896100,172,2,3,6,7,AAATAAATGAAA)
KmerFreq(13,11937894,9710181,99,2,2,3,4,AAATAAATGAAAA)
KmerFreq(14,11937893,11027539,45,1,1,2,2,AAAATAAATGAAAA)
KmerFreq(15,11937892,11502033,23,1,1,2,2,AAAAATAAATGAAAA)
