KmerFreq(1,4,4,868464,868464,868464,868464,868464,A)
KmerFreq(2,16,16,281733,239957,239957,281733,281733,AA)
KmerFreq(3,64,64,98434,65292,65292,98434,98434,AAA)
KmerFreq(4,256,256,34548,17162,17162,25538,25538,AAAA)
KmerFreq(5,1024,1024,11697,4678,4678,8126,8126,AAAAA)
KmerFreq(6,4096,4096,4310,1230,1230,2065,2065,GAAAAA)
KmerFreq(7,16384,16384,1438,329,329,599,599,AAAGAAA)
KmerFreq(8,65536,65443,569,87,87,168,169,AAAGAAAA)
KmerFreq(9,262144,255932,236,23,23,48,48,TAAATGAAA)
KmerFreq(10,1048576,846098,138,7,7,14,15,TAAATGAAAA)
KmerFreq(11,3026720,1803219,85,2,3,5,6,TAAATGAAAAA)
KmerFreq(12,3026719,2529738,42,2,2,3,3,ATAAATGAAAAA)
KmerFreq(13,3026718,2855336,24,1,1,2,2,AAATAAATGAAAA)
KmerFreq(14,3026717,2968025,14,1,1,2,2,AAATAAATGAAAAA)
KmerFreq(15,3026716,3003590,6,1,1,1,1,AAATAAATGAAAAAA)
